  
    1.    2.    3.    4.    5.    6.  
 
  - 6.  - 5.  - 4.  - 3.  - 2.  - 1.  
 
    10.  - 1.    - 21.     28.     32.   - 12.   
    0.   - 18.     0.      14.     16.     7.    
    0.   - 0.00    5.9   - 1.17  - 5.33  - 1.68  
    0.   - 0.00    0.    - 1.57  - 2.75  - 0.21  
    0.     0.00    0.      0.      0.47    0.14  
    0.     0.00  - 0.00    0.      0.      0.06  
 
    145.    142.  - 23.7  - 21.3    3.19    0.36  
 
    1.    2.    3.    4.    5.    6.  
 
    1.     0.     0.    0.    0.    0.  
    9.     1.     0.    0.    0.    0.  
    8.     0.     1.    0.    0.    0.  
    0.     1.2    3.    1.    0.    0.  
    10.    1.4    4.  - 3.    1.    0.  
    0.     0.2    0.    1.    0.    1.  
 
    1.    2.   - 2.    1.     1.   - 2.   
    0.  - 15.    5.    12.    11.    4.   
    0.    0.   - 2.    0.     1.     0.   
    0.    0.     0.  - 0.4  - 0.2    2.2  
    0.    0.     0.    0.     2.     9.   
    0.    0.     0.    0.     0.   - 2.   
 
    1.    2.    3.    4.    5.    6.  
 
  - 6.  - 5.  - 4.  - 3.  - 2.  - 1.  