
-----------------------------------
i 		 epsilon
-----------------------------------
0 	 1.00000000000000000000e+00 
1 	 5.00000000000000000000e-01 
2 	 2.50000000000000000000e-01 
3 	 1.25000000000000000000e-01 
4 	 6.25000000000000000000e-02 
5 	 3.12500000000000000000e-02 
6 	 1.56250000000000000000e-02 
7 	 7.81250000000000000000e-03 
8 	 3.90625000000000000000e-03 
9 	 1.95312500000000000000e-03 
10 	 9.76562500000000000000e-04 
11 	 4.88281250000000000000e-04 
12 	 2.44140625000000000000e-04 
13 	 1.22070312500000000000e-04 
14 	 6.10351562500000000000e-05 
15 	 3.05175781250000000000e-05 
16 	 1.52587890625000000000e-05 
17 	 7.62939453125000000000e-06 
18 	 3.81469726562500000000e-06 
19 	 1.90734863281250000000e-06 
20 	 9.53674316406250000000e-07 
21 	 4.76837158203125000000e-07 
22 	 2.38418579101562500000e-07 
23 	 1.19209289550781250000e-07 
24 	 5.96046447753906250000e-08 
25 	 2.98023223876953130000e-08 
26 	 1.49011611938476560000e-08 
27 	 7.45058059692382810000e-09 
28 	 3.72529029846191410000e-09 
29 	 1.86264514923095700000e-09 
30 	 9.31322574615478520000e-10 
31 	 4.65661287307739260000e-10 
32 	 2.32830643653869630000e-10 
33 	 1.16415321826934810000e-10 
34 	 5.82076609134674070000e-11 
35 	 2.91038304567337040000e-11 
36 	 1.45519152283668520000e-11 
37 	 7.27595761418342590000e-12 
38 	 3.63797880709171300000e-12 
39 	 1.81898940354585650000e-12 
40 	 9.09494701772928240000e-13 
41 	 4.54747350886464120000e-13 
42 	 2.27373675443232060000e-13 
43 	 1.13686837721616030000e-13 
44 	 5.68434188608080150000e-14 
45 	 2.84217094304040070000e-14 
46 	 1.42108547152020040000e-14 
47 	 7.10542735760100190000e-15 
48 	 3.55271367880050090000e-15 
49 	 1.77635683940025050000e-15 
50 	 8.88178419700125230000e-16 
51 	 4.44089209850062620000e-16 
52 	 2.22044604925031310000e-16 
-----------------------------------

--------------------------------------------------
i		 Xi 		       error
--------------------------------------------------
0 	 99.000000000000000 	 ----------------- 
1 	 49.510101010101010 	 0.999591961644395 
2 	 24.775248403652974 	 0.998369509901706 
3 	 12.427987066557746 	 0.993504520963033 
4 	 6.294457086599659 	 0.974433520726645 
5 	 3.306098480173164 	 0.903892798217545 
6 	 1.955520568752999 	 0.690648788358899 
7 	 1.489133069699685 	 0.313193970735854 
8 	 1.416098193334649 	 0.051574726038632 
9 	 1.414214816464753 	 0.001331747375271 
10 	 1.414213562373651 	 0.000000886776322 
--------------------------------------------------
¡FRACASO! el cálculo no fue exitoso, la mejor aproximación
de la raíz cuadrada de 2 es: 1.414213562373651

--------------------------------------------------
i		 Xi 		       error
--------------------------------------------------
0 	 99.000000000000000 	 ----------------- 
1 	 49.510101010101010 	 0.999591961644395 
2 	 24.775248403652974 	 0.998369509901706 
3 	 12.427987066557746 	 0.993504520963033 
4 	 6.294457086599659 	 0.974433520726645 
5 	 3.306098480173164 	 0.903892798217545 
6 	 1.955520568752999 	 0.690648788358899 
7 	 1.489133069699685 	 0.313193970735854 
8 	 1.416098193334649 	 0.051574726038632 
9 	 1.414214816464753 	 0.001331747375271 
10 	 1.414213562373651 	 0.000000886776322 
11 	 1.414213562373095 	 0.000000000000393 
--------------------------------------------------
¡EXITO! el cálculo fue exitoso, la mejor aproximación
de la raíz cuadrada de 2 es: 1.414213562373095

 
 p =    
 
    92.  

 
 dx =    
 
    12.    21.    0.  - 8.  

--------------------------------------------------
i		 Xi 		       error
--------------------------------------------------
0 	 1.000000000000000 	 ----------------- 
1 	 1.500000000000000 	 0.333333333333333 
2 	 1.625000000000000 	 0.076923076923077 
3 	 1.645833333333333 	 0.012658227848101 
4 	 1.648437500000000 	 0.001579778830964 
5 	 1.648697916666667 	 0.000157952930027 
6 	 1.648719618055555 	 0.000013162570913 
7 	 1.648721168154762 	 0.000000940182753 
8 	 1.648721265035962 	 0.000000058761419 
9 	 1.648721270418251 	 0.000000003264523 
--------------------------------------------------
¡FRACASO! el cálculo no fue exitoso, la mejor aproximación
de la exponencial de 0.500000 es: 1.648721270418251

--------------------------------------------------
i		 Xi 		       error
--------------------------------------------------
0 	 1.000000000000000 	 ----------------- 
1 	 1.500000000000000 	 0.333333333333333 
2 	 1.625000000000000 	 0.076923076923077 
3 	 1.645833333333333 	 0.012658227848101 
4 	 1.648437500000000 	 0.001579778830964 
5 	 1.648697916666667 	 0.000157952930027 
6 	 1.648719618055555 	 0.000013162570913 
7 	 1.648721168154762 	 0.000000940182753 
8 	 1.648721265035962 	 0.000000058761419 
9 	 1.648721270418251 	 0.000000003264523 
10 	 1.648721270687366 	 0.000000000163226 
--------------------------------------------------
¡EXITO! el cálculo fue exitoso, la mejor aproximación
de la exponencial de 0.500000 es: 1.648721270687366